model,"[0.986, 0.969, 0.978, 0.962, 0.984]","[0.989010989010989, 0.9864864864864865, 0.9879518072289156, 1.0, 0.978021978021978]","[0.8737864077669902, 0.7087378640776699, 0.7961165048543689, 0.6310679611650486, 0.8640776699029126]","[0.9363357902826034, 0.8538115184379432, 0.8975008388262927, 0.8155339805825244, 0.9309240077496725]","[0.9278350515463917, 0.8248587570621468, 0.8817204301075269, 0.7738095238095238, 0.9175257731958761]",accuracy,precision,recall,roc_auc,f1
RandomForestClassifier,,,,,,0.986,0.989010989010989,0.8737864077669902,0.9363357902826034,0.9278350515463917
LogisticRegression,,,,,,0.969,0.9864864864864865,0.7087378640776699,0.8538115184379432,0.8248587570621468
DecisionTreeClassifier,,,,,,0.978,0.9879518072289156,0.7961165048543689,0.8975008388262927,0.8817204301075269
KNeighborsClassifier,,,,,,0.962,1.0,0.6310679611650486,0.8155339805825244,0.7738095238095238
GradientBoostingClassifier,,,,,,0.984,0.978021978021978,0.8640776699029126,0.9309240077496725,0.9175257731958761
